154,1
154,5
10,124
10,230
10,314
10,68
10,254
10,160
10,304
10,106
11,30
11,17
11,10
11,29
11,2
11,3
9,4
9,6
8,12
8,4
8,11
181,3
181,2
181,1
181,0
180,3
180,2
180,1
180,0
179,3
179,2
179,1
179,0
178,3
178,2
178,1
178,0
165,3
165,2
165,1
165,0
164,3
164,2
164,1
164,0
163,3
163,2
163,1
163,0
162,3
162,2
162,1
162,0
161,3
161,2
161,1
161,0
160,3
160,2
160,1
160,0
159,3
159,2
159,1
159,0
158,3
158,2
158,1
158,0
157,3
157,2
157,1
157,0
156,3
156,2
156,1
156,0
155,3
155,2
155,1
152,3
152,1
151,3
151,1
20,3
20,2
20,1
19,3
19,2
19,1
12,3
12,2
12,1
11,27
11,25
11,24
11,23
11,22
11,19
18,1
11,18
11,16
11,15
18,3
11,11
11,8
11,7
11,5
11,1
11,4
14,1
10,317
14,3
10,283
10,265
13,1
